[gd_scene load_steps=14 format=3 uid="uid://w6lu5mms411a"]

[ext_resource type="PackedScene" uid="uid://bk773w5lbvtad" path="res://scenes/entry_hall.tscn" id="1_room01"]
[ext_resource type="Shader" uid="uid://cyklafxhkva0e" path="res://scenes/filtro.gdshader" id="1_tdieo"]
[ext_resource type="PackedScene" path="res://scenes/room_one_door.tscn" id="2_room1door"]
[ext_resource type="PackedScene" path="res://scenes/room_two_doors.tscn" id="3_room2doors"]
[ext_resource type="PackedScene" path="res://scenes/room_three_doors.tscn" id="4_room3doors"]
[ext_resource type="PackedScene" uid="uid://dnku5oxvvu6mt" path="res://scenes/corridor.tscn" id="5_corridor"]
[ext_resource type="PackedScene" uid="uid://dm1ab7elblryx" path="res://scenes/personagem.tscn" id="6_bcdl5"]
[ext_resource type="PackedScene" uid="uid://ck5mn8qaq2x4w" path="res://scenes/killer.tscn" id="7_killer"]
[ext_resource type="PackedScene" uid="uid://b8xm4lap2vh3c" path="res://scenes/pilha.tscn" id="8_gn5is"]
[ext_resource type="PackedScene" uid="uid://deeyondg41hfi" path="res://scenes/low_poly_chest_[2_0]_fbx.tscn" id="10_5bw45"]

[sub_resource type="ShaderMaterial" id="ShaderMaterial_bfqsu"]
shader = ExtResource("1_tdieo")
shader_parameter/pixel_factor = 2.0
shader_parameter/color_depth = 16.0

[sub_resource type="NavigationMesh" id="NavigationMesh_killer"]
cell_size = 0.5
agent_height = 2.0
agent_max_climb = 0.5

[sub_resource type="Environment" id="Environment_ambient"]
background_mode = 1
background_color = Color(0.05, 0.05, 0.05, 1)
ambient_light_source = 2
ambient_light_color = Color(0.15, 0.15, 0.2, 1)
ambient_light_energy = 0.12

[node name="HorrorLevel" type="Node3D"]

[node name="CanvasLayer" type="CanvasLayer" parent="."]

[node name="ColorRect" type="ColorRect" parent="CanvasLayer"]
material = SubResource("ShaderMaterial_bfqsu")
offset_right = 1151.0
offset_bottom = 647.0
metadata/_edit_use_anchors_ = true

[node name="NavigationRegion3D" type="NavigationRegion3D" parent="."]
transform = Transform3D(1, 0, 0, 0, 1, 0, 0, 0, 1, -0.06663895, 0.014875412, -0.07297897)
navigation_mesh = SubResource("NavigationMesh_killer")

[node name="EntryHall" parent="NavigationRegion3D" instance=ExtResource("1_room01")]
transform = Transform3D(1, 0, 0, 0, 1, 0, 0, 0, 1, -0.24179459, 0, 0)

[node name="Corridor01" parent="NavigationRegion3D" instance=ExtResource("5_corridor")]
transform = Transform3D(1, 0, 0, 0, 1, 0, 0, 0, 1, -13.996619, 0, 0)

[node name="MidRoom" parent="NavigationRegion3D" instance=ExtResource("3_room2doors")]
transform = Transform3D(1, 0, 0, 0, 1, 0, 0, 0, 1, -27.75, 0, 0)

[node name="Corridor02" parent="NavigationRegion3D" instance=ExtResource("5_corridor")]
transform = Transform3D(1, 0, 0, 0, 1, 0, 0, 0, 1, -41.582767, 0, 0)

[node name="LivingRoom" parent="NavigationRegion3D" instance=ExtResource("4_room3doors")]
transform = Transform3D(-1, 0, -8.742278e-08, 0, 1, 0, 8.742278e-08, 0, -1, -55.38314, 0, 0)

[node name="LeftCorridor" parent="NavigationRegion3D" instance=ExtResource("5_corridor")]
transform = Transform3D(0, 0, 1, 0, 1, 0, -1, 0, 0, -55.38314, 0, 13.635427)

[node name="LeftRoom" parent="NavigationRegion3D" instance=ExtResource("2_room1door")]
transform = Transform3D(1.1924881e-08, 0, -1, 0, 1, 0, 1, 0, 1.1924881e-08, -55.38314, 0, 27.544533)

[node name="RightCorridor" parent="NavigationRegion3D" instance=ExtResource("5_corridor")]
transform = Transform3D(0, 0, -1, 0, 1, 0, 1, 0, 0, -55.38314, 0, -13.704725)

[node name="RightRoom" parent="NavigationRegion3D" instance=ExtResource("2_room1door")]
transform = Transform3D(-4.371139e-08, 0, 1, 0, 1, 0, -1, 0, -4.371139e-08, -55.38314, 0, -27.63028)

[node name="WorldEnvironment" type="WorldEnvironment" parent="."]
environment = SubResource("Environment_ambient")

[node name="Personagem" parent="." instance=ExtResource("6_bcdl5")]
transform = Transform3D(0.0016755295, 0, 0.99999857, 0, 1, 0, -0.99999857, 0, 0.0016755295, 0, 2, 0)

[node name="Killer" parent="." instance=ExtResource("7_killer")]
transform = Transform3D(1, 0, 0, 0, 1, 0, 0, 0, 1, -53, 1, 25)

[node name="Pilha01" parent="." instance=ExtResource("8_gn5is")]
transform = Transform3D(1, 0, 0, 0, 1, 0, 0, 0, 1, -25, 2, 3)

[node name="Pilha02" parent="." instance=ExtResource("8_gn5is")]
transform = Transform3D(1, 0, 0, 0, 1, 0, 0, 0, 1, -53, 2, -15)

[node name="Chest1" parent="." instance=ExtResource("10_5bw45")]
transform = Transform3D(1, 0, 0, 0, 1, 0, 0, 0, 1, 0, 0.7478852, -8.09467)

[node name="Chest4" parent="." instance=ExtResource("10_5bw45")]
transform = Transform3D(1, 0, 0, 0, 1, 0, 0, 0, 1, -29.479225, 0.7478852, -8.112682)

[node name="Chest6" parent="." instance=ExtResource("10_5bw45")]
transform = Transform3D(1, 0, 0, 0, 1, 0, 0, 0, 1, -24.969149, 0.7478852, -8.112682)

[node name="Chest2" parent="." instance=ExtResource("10_5bw45")]
transform = Transform3D(-0.99984246, 0, -0.017749006, 0, 1, 0, 0.017749006, 0, -0.99984246, 0, 0.7478852, 8.043282)

[node name="Chest3" parent="." instance=ExtResource("10_5bw45")]
transform = Transform3D(-0.99984246, 0, -0.017749006, 0, 1, 0, 0.017749006, 0, -0.99984246, -12.459816, 0.7478852, 2.2128797)

[node name="Chest5" parent="." instance=ExtResource("10_5bw45")]
transform = Transform3D(0.9993705, 0, 0.03549244, 0, 1, 0, -0.03549244, 0, 0.9993705, -29.038076, 0.8041935, 7.7607026)

[node name="Chest7" parent="." instance=ExtResource("10_5bw45")]
transform = Transform3D(0.0324748, 0, -0.9994731, 0, 1, 0, 0.9994731, 0, 0.0324748, -63.735085, 0.8041935, 1.1611304)

[node name="Chest8" parent="." instance=ExtResource("10_5bw45")]
transform = Transform3D(0.0324748, 0, -0.9994731, 0, 1, 0, 0.9994731, 0, 0.0324748, -63.735085, 0.8041935, -4.4803376)

[node name="Chest9" parent="." instance=ExtResource("10_5bw45")]
transform = Transform3D(-0.032265425, 0, 0.9994799, 0, 1, 0, -0.9994799, 0, -0.032265425, -47.25565, 0.8041935, -8.147871)

[node name="Chest10" parent="." instance=ExtResource("10_5bw45")]
transform = Transform3D(-0.032265425, 0, 0.9994799, 0, 1, 0, -0.9994799, 0, -0.032265425, -47.25565, 0.8041935, 7.890074)

[node name="Chest11" parent="." instance=ExtResource("10_5bw45")]
transform = Transform3D(-0.032265425, 0, 0.9994799, 0, 1, 0, -0.9994799, 0, -0.032265425, -47.23577, 0.8041935, 24.220785)

[node name="Chest12" parent="." instance=ExtResource("10_5bw45")]
transform = Transform3D(-0.032265425, 0, 0.9994799, 0, 1, 0, -0.9994799, 0, -0.032265425, -47.23577, 0.8041935, 28.858793)

[node name="Chest13" parent="." instance=ExtResource("10_5bw45")]
transform = Transform3D(0.020924907, 0, -0.99978155, 0, 1, 0, 0.99978155, 0, 0.020924907, -63.688095, 0.8041935, 28.858644)

[node name="Chest14" parent="." instance=ExtResource("10_5bw45")]
transform = Transform3D(0.020924907, 0, -0.99978155, 0, 1, 0, 0.99978155, 0, 0.020924907, -63.635483, 0.8041935, 24.220934)

[node name="Chest15" parent="." instance=ExtResource("10_5bw45")]
transform = Transform3D(-0.032265425, 0, 0.9994799, 0, 1, 0, -0.9994799, 0, -0.032265425, -47.285446, 0.8041935, -32.38266)

[node name="Chest16" parent="." instance=ExtResource("10_5bw45")]
transform = Transform3D(-0.032265425, 0, 0.9994799, 0, 1, 0, -0.9994799, 0, -0.032265425, -47.285446, 0.8041935, -27.744654)

[node name="Chest17" parent="." instance=ExtResource("10_5bw45")]
transform = Transform3D(0.020924907, 0, -0.99978155, 0, 1, 0, 0.99978155, 0, 0.020924907, -63.7302, 0.8041935, -27.744802)

[node name="Chest18" parent="." instance=ExtResource("10_5bw45")]
transform = Transform3D(0.020924907, 0, -0.99978155, 0, 1, 0, 0.99978155, 0, 0.020924907, -63.67759, 0.8041935, -32.382515)

[node name="Chest19" parent="." instance=ExtResource("10_5bw45")]
transform = Transform3D(-0.99990714, 0, -0.0136654, 0, 1, 0, 0.0136654, 0, -0.99990714, -55.290432, 0.8041935, -35.87057)
